0.456071576737549
