1612.81818510164
