1656.31505595605
