0.531595125159226
