53.4029753567391
