192.31847252703
