1405.16916489486
