1544.83253496384
