255.994901949147
