1303.00093299738
