2.38061716841228
