2.32960042768546
