2.42848614075451
