204.162691696121
