148.694442539266
