254.629285427299
