556.542171800619
