1542.78050235794
